.Random.seed <-
c(403L, 176L, -2000920742L, -1656045130L, 1560840913L, 325158366L, 
1522940057L, -1990585609L, -1184132360L, 1866313471L, -383256L, 
-1649550204L, -1327737985L, -1103474940L, 300778659L, -322382495L, 
1790306442L, 303119329L, 1477796270L, 1532732914L, 1412252429L, 
-1865185910L, -420053427L, -133937933L, -1808124172L, 636776171L, 
-2114722156L, 307045976L, -250667741L, 760042152L, 1433891647L, 
1924995637L, 1823677310L, 1904300917L, -90744510L, -625154482L, 
-1885873879L, 1273502358L, -1148792207L, 633768991L, 1128656672L, 
1485040951L, -1761354752L, -1083313860L, 1751086247L, -571387540L, 
-837306885L, 422532377L, 286311506L, -532296903L, 2069840230L, 
-617531078L, 667706485L, 245756274L, 1173378869L, -1533396949L, 
1489955724L, -1420426189L, -327470852L, 486264941L, 2115281387L, 
995097922L, 2138087000L, 1954164658L, 1650192716L, 1150383801L, 
-666850053L, -1259548521L, 686524925L, 618585888L, 1601466786L, 
1593338772L, 866415438L, 2098087263L, -1918348731L, -1962769327L, 
-1712971001L, 1588949966L, 137886532L, -970467546L, 1081773560L, 
1232648077L, -444401305L, -555405493L, -74419159L, -434815300L, 
-1330388130L, 979863896L, 625220554L, -1691438669L, 1995238977L, 
330669493L, 854481843L, 714622410L, -903034976L, -151149702L, 
-692940604L, -105475439L, 1072210675L, -306755937L, 84852085L, 
-1343487336L, 1286317882L, -1263120404L, -1148428026L, 2135679207L, 
-2085790243L, 1224905913L, 2020655L, 985462966L, 772455436L, 
-1464238578L, -149517456L, 925691717L, -267472609L, 847093747L, 
840666913L, 1002961620L, 743895158L, -650386896L, 1943645026L, 
10216219L, 1634345721L, -1992692899L, 1211675035L, 1097453458L, 
2126095368L, -301958494L, -1016330020L, 975914505L, -1806682613L, 
158076583L, -807220339L, -221849360L, 919140722L, 28440484L, 
-753482690L, 1283582575L, 1281836533L, 1207351073L, -568178857L, 
-840399554L, -834565836L, 28614678L, 589270888L, 1673023517L, 
609113815L, 1573984731L, -612543015L, -1799710804L, -1108212434L, 
28439016L, 1270306810L, -83888381L, 1132818353L, -736953307L, 
-1281569501L, -1754023526L, -145276528L, -1847998102L, 742940436L, 
238784801L, 1150048963L, 1697811823L, -651904315L, 2082767336L, 
-253253750L, -252421252L, 1956415670L, -183086473L, 1904801677L, 
398104137L, 236850687L, 355298598L, -660852292L, -1986055746L, 
-382155360L, -1008447019L, -433232113L, -537166141L, -1484559343L, 
2046455940L, 553824262L, -412467968L, -923130158L, -590934741L, 
-1993095895L, 1015129741L, 331449483L, 1504323362L, 527634232L, 
899920722L, 1905476140L, -214212071L, 2099302683L, -14835017L, 
-1539498787L, -44432768L, 1220525058L, -2072465228L, 1037775598L, 
-1045135105L, 2044778021L, -1521191375L, -420063513L, -730297554L, 
-102296028L, -1430387450L, 1100946392L, -1706033555L, 598955655L, 
-1517428373L, -1120909623L, 618207708L, -868415874L, -1218718216L, 
1222412330L, 1733924691L, -1902303199L, 1954139989L, 1563246355L, 
-1573076758L, -52937664L, -1469749286L, -1738657244L, 1768382321L, 
-615177197L, 983399551L, 735419861L, -137308040L, -1465562982L, 
1875924300L, 1257672486L, 994628551L, -1719718275L, -1761633383L, 
1579965647L, -375619754L, -1557708948L, -1647604754L, -184495536L, 
1161128293L, -466759361L, 1763919635L, 733712065L, 1163571188L, 
159108310L, 1111939536L, -727104382L, -830918853L, -107068327L, 
-1577777539L, 714500155L, -1341362190L, 1238092136L, -1190590782L, 
81402172L, 352646377L, 1082479531L, 157020103L, 55254765L, -1457498160L, 
-241380398L, -1317061052L, 1135294814L, -1980308209L, 1716220373L, 
309094145L, 204416951L, -2145219042L, -1686961772L, 58365174L, 
-1392256568L, -905349507L, 1292342391L, 111954683L, -500940423L, 
732768588L, -57610546L, 741085192L, 1916820698L, 1687705763L, 
-896811887L, 1648471621L, -1781282813L, -1237397958L, 814898653L, 
1988680986L, 2037834902L, 1293411390L, 1573271628L, 1576301461L, 
757242945L, -438179559L, -1582769605L, 370152768L, 2027949816L, 
2014907772L, 729202622L, 602951855L, 1122876751L, -476625381L, 
-742808199L, -617164042L, 539931642L, 1790755170L, -1840401576L, 
1783613441L, 353039117L, -1726807587L, -2101194417L, -1751079948L, 
-918061484L, -294652248L, 812712338L, 563376931L, -765980413L, 
223850983L, 1895379237L, 1972104306L, 172788414L, -1353330730L, 
-480327324L, -1609341571L, -1199747671L, 665290977L, -2111872253L, 
1899866936L, -2078221328L, 1229973348L, -1995618138L, -1930350009L, 
821353607L, -466860989L, 308169457L, 778820158L, 690010290L, 
506487434L, -1539895232L, -1690028935L, 1348026501L, -1263348203L, 
404466407L, 241028540L, 503404092L, 462535232L, -2016366934L, 
265734187L, 132847275L, 1729909599L, -1044840275L, 1380651594L, 
179543110L, 1225347790L, -1432752388L, -1926005659L, 373636209L, 
-980990423L, 238233099L, -949112688L, -1644501688L, 1560171884L, 
256899118L, -1118683425L, 311215903L, 1585555019L, 54349897L, 
-1266304250L, -1258165462L, -922707022L, 151434184L, 1581399025L, 
89375997L, 180773837L, 155180095L, -1295967868L, -1089307804L, 
-2039292456L, 814297282L, 434120627L, -1949079405L, 1342450519L, 
-1596504363L, -1676024254L, -1576948850L, -831186746L, -1776260300L, 
964580333L, 387514809L, 1046741137L, 1220042291L, -1092920216L, 
1156567840L, -353731020L, -1300580362L, 1297789207L, -923164681L, 
720239699L, 116316641L, 1518460014L, 86578050L, -1396433734L, 
-1272582768L, -488528951L, -247186219L, -1047477851L, -935235017L, 
-489590292L, 1382664428L, 84323984L, -1325947782L, -235806181L, 
-587327717L, -544024657L, 566493181L, 420458554L, 23069302L, 
1735869982L, 2095494124L, 481575093L, -871232991L, 1793690297L, 
-738724773L, -917355808L, -1802926696L, 1251227996L, -1159424226L, 
330045647L, -1157589457L, 974400379L, -1934816551L, -1724129194L, 
-340108070L, -1015728702L, -1758061960L, 595782433L, -267638227L, 
2028424445L, -1630782929L, -376945324L, 475770996L, -2023461560L, 
-215786062L, 908044419L, 35911715L, -366292665L, 528811781L, 
1647956690L, -2137196130L, -1955678922L, -1302801980L, -1245478115L, 
1885711689L, -1931983103L, 1582194275L, -79218319L, -1278391688L, 
-857515083L, -215934714L, -330925329L, 2091056778L, -717361839L, 
168714150L, -1816418519L, -658024804L, -809002371L, 251576746L, 
1986435215L, 742610406L, -1644619875L, -243077130L, -866046223L, 
1430710632L, 458216285L, -793164130L, 1274599983L, -753378374L, 
-1203482143L, 146937646L, -153800351L, -1721319412L, 1713383293L, 
1644052018L, -1057922537L, 1719867542L, 570185693L, -216540922L, 
-1080603087L, -370251224L, -1109436395L, 66993222L, -1189144497L, 
-1093604950L, 1979205985L, -520057738L, -1779522231L, -2140256068L, 
-652314771L, -747227190L, 884735455L, -27449098L, 1339262669L, 
-1751693274L, 541889409L, 1348519272L, -1556936643L, -1794829986L, 
-285862337L, 1079910282L, -289347391L, -713216418L, 1595482113L, 
-651118276L, 1983596048L, -775843262L, -412436763L, 1694186441L, 
298400626L, -891141060L, -1968779179L, -216264663L, -437887452L, 
-2147402470L, -467021855L, 1594060065L, 549625026L, -1388972512L, 
-1761250887L, -1427290207L, -1018923528L, 13947618L, -1285218667L, 
383663793L, -1773860982L, -510414604L, -2024607315L, -309533423L, 
-1834829804L, 1098880650L, 486065609L, -1289192647L, 1666347418L, 
-1772814816L, 1188595689L, 1766110793L, 1696385632L, -1853581934L, 
-549226619L, -1019610119L, -1387830046L, 2071131340L, 630483077L, 
1655017L, -2021438060L, -1413139702L, 1238476913L, 1782496625L, 
-958080318L, 1021461088L, -1987179543L, -1614499855L, 590880184L, 
-1488453806L, -244653323L, 387708337L, -996096118L, 2048074100L, 
-819622387L, -348393823L, 1334261316L, -1583852262L, -796360247L, 
340468569L, -1350799702L, -1067701632L, -525887527L, 1824158089L, 
-154882448L, -499845342L, -2004194587L, 1077910025L, -1618076462L, 
1179342812L, -895107659L, -1525317047L, 1343897028L, 1304956538L, 
644368481L, 666303041L, 1925867682L, 1720551744L, -1180686887L, 
1493172065L, 240319352L, 2003044258L, 905557589L, -233376943L, 
1382231626L, -1298084748L, -1837852435L, 1062480177L, 618688980L, 
